lab 5 performance chart
Nicholas Wachter, Polina Volnuhina

matmul -PI	-O0		-O1		-O2		-O3

Avg CPI		5.953		16.987		17.059		17.086

Instructions	41,525,317,221	11,379,032,028	11,371,142,868	11,364,894,358

Branch misses   27,949,169	27,659,228	28,934,587	28,912,964

Cache misses    1,086,726,311	1,079,740,536	1,081,992,274	1,080,950,300

Cache refs	22,614,938,323	3,230,370,997	3,228,364,531	3,227,204,037

Runtime		207.95463(sec)	162.068036(sec)	164.132003(sec)	163.439578(sec)




matmul -ARM      -O0     	-O1     	-O2     	-O3
 
Avg CPI		2.762		5.685	        4.436		4.435
 
Instructions	51,266,154,640  11,463,115,713  12,523,409,195	12,518,658,666		
 
Branch misses	22,039,725	21,299,621	20,911,952	21,015,445
 
Cache misses	1,078,404,634	1,078,258,416   1,078,260,090	1,078,260,182

Cache refs	22,484,124,320	3,107,473,999	3,106,426,448	3,105,902,753
 
Runtime		70.8643800(sec)	32.683808(sec)	27.793452(sec) 	27.85708(sec)
